532
8589
405	3
271	167
492	52
401	142
271	150
276	4
385	28
275	34
269	184
321	209
437	135
267	2
301	151
268	19
276	38
269	209
338	19
335	0
473	4
269	10
402	38
301	11
402	2
347	9
302	81
419	134
335	77
292	17
271	34
276	4
502	2
347	141
477	0
335	0
352	1
270	4
268	9
276	75
318	3
270	19
347	234
293	1
336	86
277	13
435	24
274	40
267	25
281	50
355	4
271	20
275	13
335	5
280	154
402	134
267	1
491	67
278	42
305	5
280	176
271	100
267	236
334	152
468	74
351	2
410	56
281	9
274	135
277	26
334	10
284	134
297	134
276	63
276	9
468	1
268	2
413	55
419	3
405	150
272	4
521	72
310	35
276	4
293	201
268	0
402	13
402	38
271	7
271	19
380	9
290	51
335	46
301	100
418	17
270	177
275	141
268	46
303	69
270	10
373	25
268	143
343	67
418	155
403	0
274	234
336	17
267	9
269	9
335	51
334	205
270	17
278	20
275	86
313	36
405	217
334	134
353	78
366	1
352	167
269	136
469	1
277	0
335	34
302	0
301	105
326	71
293	19
482	0
401	1
368	141
302	50
278	0
322	251
267	67
351	92
269	17
309	0
439	3
269	97
336	1
318	20
401	36
411	202
326	21
272	0
468	134
418	0
270	35
285	68
285	138
267	80
301	142
401	202
318	3
302	176
356	17
287	9
471	59
267	140
271	44
403	107
401	67
336	257
293	63
335	3
267	238
286	17
277	5
269	151
418	0
402	0
284	30
272	6
301	67
485	17
334	2
344	38
335	7
292	18
297	30
495	118
368	34
271	34
303	71
270	118
267	0
289	134
284	17
418	0
403	42
280	159
338	0
272	203
316	136
267	1
431	19
334	13
268	36
274	46
402	1
267	1
401	142
478	35
274	17
314	151
284	148
289	40
372	3
274	0
284	10
276	0
270	36
270	135
309	17
335	94
269	102
267	34
267	0
301	51
270	54
472	143
301	7
271	37
401	3
269	0
268	88
401	53
267	2
267	201
387	9
267	135
274	1
268	19
335	4
378	235
473	205
335	134
406	0
377	0
269	68
436	71
304	72
267	104
408	68
409	77
506	44
271	167
288	192
288	184
281	1
435	88
284	1
351	11
271	4
345	34
368	38
284	2
301	145
301	134
470	57
408	189
435	136
287	35
267	100
301	42
473	2
469	151
276	236
401	90
343	80
276	242
359	192
280	1
277	153
354	143
401	0
320	88
268	135
267	1
321	17
284	0
268	24
468	57
272	171
410	1
353	10
289	2
276	67
280	72
481	140
276	11
401	18
402	19
405	68
435	17
402	125
267	170
289	36
269	135
278	17
336	137
387	5
282	68
276	2
337	2
305	86
304	175
376	34
267	18
267	35
285	46
267	69
336	0
285	0
292	22
403	86
270	3
267	4
361	7
403	13
270	1
478	69
309	13
267	76
267	17
267	0
277	73
301	67
381	0
418	67
372	8
336	117
310	52
301	102
271	1
288	4
286	75
405	19
355	101
267	139
267	106
406	134
271	136
268	76
286	2
292	5
402	68
268	2
485	3
468	33
274	60
418	150
270	136
347	26
280	11
279	34
306	10
402	20
423	42
283	59
318	0
277	9
326	17
335	38
287	203
481	1
419	44
290	0
405	4
334	67
301	168
269	134
318	68
306	34
401	15
436	1
318	69
284	0
267	234
318	58
267	6
326	36
307	0
315	118
353	17
276	18
280	134
410	9
303	73
502	1
294	9
468	67
269	67
269	37
322	76
339	36
268	134
267	50
268	68
318	11
278	1
302	2
339	17
268	0
276	68
431	19
276	84
287	139
267	63
338	5
288	136
417	152
438	17
301	209
435	46
361	1
292	4
354	36
343	38
318	150
468	0
267	5
303	5
269	134
343	133
335	234
409	17
272	201
369	1
402	1
335	184
320	9
284	65
343	142
267	143
267	21
271	100
377	71
267	150
278	17
426	19
278	140
268	9
401	134
306	17
336	0
283	34
268	142
351	3
274	0
301	138
267	100
401	19
284	17
278	105
402	4
305	8
269	82
343	134
380	138
267	7
268	84
419	0
280	17
405	146
297	86
401	77
276	80
421	70
468	1
270	135
343	67
336	171
269	4
335	202
335	31
335	19
269	34
481	117
376	9
272	69
268	146
267	230
271	135
335	8
285	9
267	86
276	1
424	50
470	142
268	19
488	21
272	2
267	167
285	9
302	9
403	38
271	17
267	35
410	5
276	9
318	105
271	13
284	1
290	1
410	7
276	167
301	155
267	0
382	170
410	50
281	0
308	59
272	0
284	2
301	1
410	9
282	47
410	0
401	190
280	14
309	50
309	142
271	52
271	29
267	101
385	125
412	25
278	170
274	117
284	51
341	38
277	138
267	67
267	1
271	1
502	134
491	24
472	1
318	0
268	4
271	235
303	4
406	20
334	146
268	68
268	37
302	0
268	0
411	0
335	118
294	50
274	19
401	75
403	40
368	9
404	67
414	0
268	68
339	1
435	185
278	34
270	68
302	17
402	130
345	9
479	154
485	84
267	9
268	17
447	52
468	70
306	17
468	1
337	137
284	76
337	1
470	25
267	9
271	26
267	0
267	0
485	59
401	154
339	146
268	4
426	134
303	35
267	204
303	134
280	5
285	67
302	184
301	2
292	7
335	238
405	34
453	7
502	34
314	10
483	21
290	217
335	167
306	203
345	72
286	144
485	202
287	13
405	1
478	3
303	146
402	50
336	9
267	11
268	1
276	0
422	138
284	17
401	80
357	205
354	51
405	42
354	105
469	134
414	17
336	11
268	136
368	59
370	17
267	34
267	100
277	21
449	34
271	184
271	70
268	136
293	11
326	35
469	167
270	43
282	2
368	9
271	167
302	150
303	167
419	34
269	69
403	117
336	71
401	39
338	3
269	184
328	1
351	22
268	1
370	44
268	150
269	175
277	134
343	3
513	0
267	0
402	42
277	169
414	159
270	89
271	1
330	71
268	2
309	18
299	34
284	78
268	173
268	128
286	85
267	68
271	92
372	135
512	15
284	137
268	13
512	34
310	135
334	12
267	9
267	80
355	203
271	3
271	81
410	2
267	19
292	136
267	134
468	11
280	209
268	0
276	201
368	63
284	167
285	169
284	71
268	16
353	5
414	22
293	186
275	84
281	0
316	202
435	78
376	43
268	2
402	166
469	4
286	189
290	3
295	35
401	5
269	84
288	201
468	4
337	100
284	4
301	56
284	151
285	36
454	134
311	1
267	2
277	0
267	0
334	68
402	7
276	68
276	136
401	142
272	15
277	105
270	134
360	72
297	0
292	71
284	136
269	68
410	159
289	118
403	67
270	184
401	73
341	59
288	10
402	16
292	137
457	2
503	150
434	4
401	209
347	4
270	100
301	34
268	94
268	5
267	67
286	12
485	18
277	17
276	0
267	92
272	67
472	0
309	52
286	229
327	67
437	42
368	47
281	160
472	10
284	134
402	1
435	10
354	68
303	0
440	85
269	12
271	0
402	151
301	67
334	1
297	9
403	135
268	161
267	21
284	0
405	42
290	46
468	45
285	157
274	34
355	22
438	201
338	139
292	9
301	44
277	0
418	201
301	1
485	0
292	21
420	46
435	28
301	57
469	19
276	37
269	2
267	4
348	1
403	134
271	203
285	2
305	1
271	4
437	1
305	69
294	9
334	93
293	238
274	42
319	43
437	37
335	201
276	2
272	34
269	71
288	7
270	142
368	5
346	3
309	16
483	138
351	203
418	2
268	39
276	10
268	34
324	35
420	234
470	0
402	1
284	18
271	38
269	42
280	88
276	3
268	162
276	44
267	67
314	11
313	36
271	118
474	0
270	1
468	100
335	36
269	0
272	4
267	134
268	1
292	138
310	17
284	134
365	8
267	10
284	202
271	3
309	72
353	168
290	0
301	205
280	0
270	9
294	43
301	91
435	76
440	17
338	2
271	17
369	4
425	2
369	141
274	152
339	35
334	166
268	71
401	201
448	0
267	71
267	34
334	136
276	5
268	17
446	34
336	34
269	19
437	116
271	0
269	0
440	10
268	22
288	71
405	0
410	94
285	35
334	145
271	17
440	75
423	0
436	2
405	134
267	13
425	159
368	17
272	208
302	203
293	68
267	143
411	19
427	2
334	3
358	67
268	0
292	175
401	1
269	8
335	148
437	146
368	14
423	118
343	72
401	136
338	76
381	80
267	5
267	50
335	151
348	145
267	9
268	35
339	109
385	80
301	9
267	0
286	51
454	0
376	67
284	167
271	37
277	150
267	202
437	176
370	21
334	51
296	11
411	2
267	18
359	7
338	16
267	192
360	144
272	201
268	7
299	108
267	21
327	136
305	52
336	159
303	1
303	234
368	167
289	170
368	76
485	71
267	80
319	4
309	34
335	2
268	17
334	1
443	68
303	42
509	38
268	54
267	100
406	75
271	135
437	13
357	206
267	63
276	80
309	17
285	100
423	0
269	201
303	0
272	218
267	67
370	2
401	134
271	51
337	111
403	1
297	140
336	17
267	134
437	142
290	70
268	9
343	84
269	135
402	2
405	67
444	167
271	70
268	0
339	11
305	59
452	82
352	2
287	2
322	3
326	84
426	17
338	17
370	144
285	19
318	171
352	0
402	205
318	34
285	43
284	5
271	142
335	50
272	17
437	61
276	9
268	22
334	150
284	88
271	143
267	150
419	5
318	0
358	142
267	21
382	101
489	153
347	143
324	213
267	9
335	69
519	1
267	18
301	67
380	217
284	19
334	155
500	210
290	234
267	100
278	17
412	1
453	18
401	1
267	50
404	54
267	85
343	146
286	18
301	34
280	1
268	151
410	17
284	113
318	96
301	202
418	77
401	84
476	22
486	167
301	35
267	151
285	2
508	184
412	68
356	136
360	25
343	109
271	201
278	50
281	50
301	34
302	4
423	75
401	34
278	2
268	106
405	35
355	169
334	3
305	2
294	144
353	72
318	99
276	23
343	17
334	138
401	5
407	0
282	171
301	9
405	151
502	0
271	9
402	17
267	9
280	25
368	9
418	0
272	74
305	180
267	19
336	72
288	42
307	13
426	170
267	28
335	28
284	134
334	0
410	0
272	0
271	100
290	2
288	34
267	34
269	2
268	25
268	84
401	53
269	88
267	138
271	165
306	4
353	4
268	0
293	9
284	170
267	203
405	70
322	138
458	68
269	100
267	151
267	10
271	34
269	0
403	0
267	135
276	9
269	154
436	3
268	43
276	150
268	136
417	85
402	13
351	4
276	10
287	4
271	5
274	173
410	2
312	1
278	1
280	1
285	168
428	0
279	185
269	170
269	0
285	34
439	92
334	35
303	170
334	17
270	1
469	9
322	73
408	75
280	48
343	201
268	1
468	0
410	9
292	142
267	7
269	25
284	134
267	239
267	206
277	9
304	217
268	139
408	34
352	187
301	1
293	180
372	2
336	86
338	186
301	1
402	17
267	0
444	35
343	0
301	0
276	20
288	9
412	52
289	18
410	15
335	9
276	150
381	55
341	68
401	68
414	42
267	1
470	180
269	138
396	54
401	2
408	0
281	21
402	238
267	22
452	71
281	73
276	142
269	100
301	2
276	142
334	13
405	17
272	52
360	65
418	75
402	68
404	70
274	22
301	0
315	245
311	93
353	18
419	35
271	22
267	153
270	17
272	0
486	36
270	0
301	0
268	54
276	201
457	114
276	80
287	218
402	2
309	2
345	9
302	3
286	0
267	5
282	35
348	67
470	0
305	154
284	150
267	37
305	157
418	17
305	35
301	17
352	0
301	1
405	201
276	70
276	102
401	86
267	101
454	144
336	92
284	26
299	11
494	17
319	0
319	10
401	201
468	2
410	3
267	2
319	138
297	17
288	26
435	220
270	69
335	85
431	34
303	1
404	4
267	202
284	184
309	11
423	0
269	0
419	9
271	12
393	0
343	100
419	19
359	38
334	0
468	88
288	175
269	63
267	0
401	0
270	69
381	134
351	92
301	67
267	12
334	18
276	2
386	68
268	0
278	101
421	134
267	69
405	28
301	0
338	9
433	1
443	77
435	150
460	203
419	3
268	67
276	68
271	9
268	36
310	147
511	20
267	12
280	4
270	86
271	234
267	142
296	39
269	0
354	30
295	24
375	13
318	38
402	80
301	204
404	0
305	134
364	140
405	17
270	35
368	68
435	12
284	255
301	50
270	21
435	102
410	21
285	143
272	138
344	5
269	75
267	12
351	11
271	3
272	5
274	150
334	136
412	48
277	220
335	1
409	2
268	113
402	109
426	71
403	27
303	11
401	135
293	161
402	68
334	137
286	36
267	4
419	17
380	52
401	34
343	11
377	4
274	0
506	11
401	9
373	72
267	0
422	17
280	1
268	134
284	135
351	22
297	134
276	101
503	26
301	9
334	68
318	53
268	1
284	4
343	34
267	7
267	1
319	145
293	168
277	3
302	2
406	67
453	1
386	213
292	1
338	71
272	17
302	167
313	11
274	19
277	43
270	0
336	0
267	34
268	71
456	26
336	9
287	92
284	9
268	100
405	0
301	138
280	136
469	34
269	0
302	67
502	0
268	36
420	147
268	18
478	9
319	159
368	17
313	27
504	134
269	34
276	151
469	1
447	139
274	19
301	68
272	9
267	138
268	80
338	9
305	3
372	100
302	34
442	0
279	4
301	7
389	19
322	0
335	45
336	42
385	1
310	142
334	1
292	106
437	175
368	218
445	88
379	68
410	138
477	142
268	17
377	205
271	201
284	0
444	5
267	1
412	134
299	1
280	36
403	67
353	169
271	69
294	155
270	93
352	130
302	234
271	87
280	5
271	17
435	161
271	143
494	134
343	25
276	239
404	23
402	1
337	84
305	134
343	143
277	71
307	67
320	68
288	36
271	134
284	163
420	4
301	1
303	101
422	74
268	134
271	4
422	201
293	73
303	25
468	1
271	213
268	34
269	9
305	1
405	2
334	7
271	38
426	84
485	25
288	1
267	148
403	22
472	201
274	155
419	16
303	203
453	142
269	9
288	139
284	135
339	134
334	11
280	242
402	100
282	38
502	5
325	71
303	34
322	14
439	136
284	0
267	10
372	4
460	3
269	89
270	134
268	5
422	80
301	177
385	85
302	19
271	42
410	11
272	87
267	175
267	0
301	134
347	82
270	142
425	136
309	167
293	90
282	20
385	9
301	34
267	4
282	201
320	85
267	69
284	50
387	2
290	11
402	45
418	26
369	17
404	203
403	0
300	72
334	18
403	9
268	138
284	100
271	0
334	80
267	100
360	38
269	65
268	53
468	1
402	19
485	17
286	0
269	207
270	21
282	73
401	4
271	270
267	276
276	278
351	323
343	268
272	319
271	285
368	301
267	368
338	320
267	418
301	300
337	405
495	380
408	469
405	418
278	402
267	301
288	336
471	322
274	269
452	267
412	414
418	271
334	403
309	271
268	435
335	302
410	267
305	268
403	303
403	309
301	426
468	291
486	318
411	267
334	280
336	364
401	268
287	268
269	420
286	390
308	412
401	268
442	441
267	503
276	352
276	410
271	269
371	290
271	284
312	481
443	531
290	301
301	443
402	376
405	337
338	319
267	309
288	318
401	270
268	269
276	284
302	267
269	274
269	267
419	276
301	278
513	473
285	284
336	401
322	420
346	401
368	414
269	301
271	268
267	268
338	413
368	267
269	418
268	336
271	277
274	269
402	318
318	302
430	268
305	301
334	436
278	413
338	267
410	310
272	288
414	337
488	294
301	305
401	309
274	272
268	280
286	335
268	284
302	287
475	343
404	334
447	304
312	301
270	472
418	337
401	368
288	269
353	287
276	267
361	305
268	323
267	452
301	343
422	309
269	272
271	311
271	401
284	335
427	285
292	268
351	471
271	303
414	272
301	276
426	287
291	334
301	269
271	267
276	268
281	318
402	271
267	378
272	292
284	401
267	334
385	355
267	502
292	269
270	438
402	435
284	441
303	369
318	377
318	401
267	313
520	286
318	278
268	271
401	289
401	402
288	471
472	303
284	402
268	363
334	432
412	279
276	284
352	267
468	334
267	267
423	268
309	401
284	502
402	286
405	368
368	370
343	301
278	290
268	473
404	337
402	344
278	361
469	276
344	312
282	318
269	475
304	276
274	511
401	432
472	334
267	485
268	368
284	267
414	276
280	276
284	268
273	347
271	408
272	346
267	268
405	481
269	297
301	269
309	311
468	289
343	277
285	351
280	376
469	304
414	320
268	270
284	292
320	303
407	271
279	404
351	303
301	370
311	267
267	275
335	305
479	284
267	301
284	445
279	326
338	267
401	352
267	313
437	335
444	269
505	335
489	448
370	271
469	294
349	309
439	303
343	276
302	404
335	334
343	267
269	419
269	368
470	271
334	267
403	271
377	278
309	278
419	276
405	410
280	520
267	401
334	284
276	336
284	274
306	278
267	302
292	304
410	285
272	335
303	277
341	485
403	267
438	271
334	301
267	284
286	289
301	301
269	267
520	268
269	370
301	268
267	287
405	276
276	469
267	286
276	319
401	268
301	342
311	301
277	410
401	445
403	320
267	301
272	386
435	267
418	274
267	401
271	301
267	293
406	464
419	405
267	402
401	288
339	301
304	268
268	272
359	427
284	471
286	340
267	290
301	359
312	278
269	268
271	338
427	435
345	267
418	301
268	470
475	267
287	501
439	309
289	285
269	306
402	285
499	301
435	288
267	305
269	489
303	444
290	489
403	278
338	347
408	277
368	334
365	336
267	297
267	502
338	435
410	267
274	282
276	293
346	412
269	268
310	372
414	442
343	267
268	276
271	342
443	282
273	410
267	276
401	458
301	468
268	314
277	269
436	287
276	334
418	311
369	296
268	285
285	313
380	286
353	352
267	352
269	274
288	288
404	378
435	267
344	305
272	268
271	376
401	271
339	292
405	271
276	343
436	268
268	403
277	410
352	343
339	341
401	301
402	336
272	335
301	468
378	281
318	406
272	271
271	284
280	305
301	284
268	410
267	344
339	438
354	289
286	303
359	487
270	271
403	276
276	405
271	288
334	410
271	292
336	381
428	287
368	285
394	276
402	405
418	408
268	473
0	278
234	268
0	267
96	267
34	278
9	304
71	279
2	267
134	269
34	439
4	313
73	267
140	340
135	471
202	284
134	486
75	292
73	301
0	339
5	284
67	276
5	269
205	276
21	287
17	335
138	298
16	380
11	334
87	293
217	299
35	436
26	413
78	267
3	284
4	269
135	502
75	338
42	272
134	468
64	301
135	386
151	402
0	320
139	319
144	503
25	335
17	353
92	452
231	267
49	443
4	286
28	402
67	269
21	290
1	305
21	268
2	479
2	335
173	435
18	343
136	278
150	418
0	277
20	267
4	268
67	288
2	301
19	301
134	278
11	369
76	280
7	268
59	274
67	272
0	401
34	401
136	274
1	269
4	269
147	289
17	270
209	276
134	276
37	284
84	300
7	309
84	301
134	336
34	410
201	418
38	431
202	267
61	267
25	355
71	349
76	281
139	271
26	417
9	284
163	272
73	285
182	277
2	267
40	268
13	269
216	385
1	268
67	503
159	269
206	506
235	480
21	268
180	284
58	278
76	353
18	267
69	435
69	344
25	435
86	284
1	303
70	334
9	286
25	301
34	318
0	276
13	437
11	271
21	337
96	522
4	401
0	334
178	268
42	270
1	267
34	293
42	267
5	479
122	448
19	274
0	380
4	284
146	268
17	307
74	284
5	301
37	294
167	285
0	418
51	344
73	440
0	269
160	338
67	272
42	470
52	301
68	469
134	267
51	271
0	272
9	336
2	338
34	334
192	335
143	435
135	335
0	346
43	370
117	267
25	292
0	268
67	294
22	402
88	410
9	292
0	376
134	309
1	520
150	410
34	402
205	267
2	416
69	267
34	438
2	443
0	287
0	435
23	355
179	318
68	309
0	402
36	410
20	385
105	276
201	277
4	318
2	335
154	267
134	280
2	349
17	436
168	288
4	269
98	271
151	468
136	343
70	301
9	285
54	382
18	267
13	270
179	419
2	285
186	288
134	270
14	285
0	305
102	272
17	269
2	304
67	270
93	278
52	320
42	338
153	268
15	267
67	435
7	344
238	268
136	351
137	267
69	280
1	268
175	274
10	319
13	408
6	344
0	343
26	272
203	469
139	303
173	281
3	423
105	278
9	267
9	292
0	338
10	402
7	284
141	268
37	288
39	267
67	318
9	338
13	343
205	487
134	418
20	301
210	276
3	292
101	268
0	435
2	373
139	268
67	267
67	284
38	268
156	405
19	335
117	276
11	286
234	268
100	303
209	267
19	511
152	272
184	293
13	414
43	372
5	348
46	301
5	267
218	402
34	405
0	470
67	274
85	302
42	372
17	302
2	322
138	419
8	270
3	268
201	439
34	286
17	334
4	268
100	411
1	267
11	339
2	437
6	269
1	401
142	279
140	268
1	410
2	360
18	339
5	334
50	285
135	460
2	285
94	271
69	334
137	310
5	267
0	271
84	285
2	370
67	297
180	267
0	424
73	334
85	388
68	268
142	418
102	268
7	368
149	368
2	310
175	401
22	270
134	268
117	336
36	269
86	305
43	401
34	268
75	401
171	301
52	278
46	272
136	436
9	418
4	301
67	334
219	272
88	401
42	277
0	413
1	401
0	519
177	293
0	462
0	279
177	343
0	453
151	274
6	343
36	268
35	410
35	268
1	303
4	343
2	280
38	276
17	368
2	285
63	283
142	267
76	269
39	293
3	414
17	276
171	469
34	359
47	370
1	418
94	310
13	267
68	414
134	435
218	469
0	354
13	377
45	420
150	402
42	407
5	391
15	285
203	302
17	271
177	402
84	352
2	285
1	267
11	410
18	402
17	269
36	268
151	334
234	276
2	271
42	334
52	422
0	284
23	435
134	352
0	324
3	470
212	335
4	336
19	267
217	420
87	288
19	335
5	269
0	269
10	341
139	435
76	267
21	268
17	301
4	412
69	324
0	315
138	272
169	268
3	267
34	401
46	269
217	302
34	351
68	343
5	268
35	370
145	268
9	269
142	309
9	276
19	483
84	410
0	268
1	268
17	368
14	267
59	343
2	375
13	358
17	322
80	343
121	270
7	408
134	267
54	419
34	416
92	318
75	267
235	410
34	283
45	334
3	347
1	271
17	284
28	313
158	309
75	284
22	276
2	351
5	435
150	269
5	301
43	302
143	445
2	272
20	309
0	335
35	401
138	309
0	267
67	305
0	292
9	268
4	335
2	289
2	368
34	307
134	357
7	326
4	401
34	338
67	353
2	267
1	268
218	276
0	268
34	302
7	336
84	284
35	269
84	404
170	285
12	343
77	268
35	410
50	334
142	276
52	274
102	268
124	269
52	410
46	268
34	318
136	285
34	301
138	267
0	378
126	267
19	341
192	510
27	469
68	267
59	305
34	404
84	285
134	274
4	267
83	322
137	385
144	292
77	337
151	335
168	267
0	427
1	271
50	339
147	267
34	285
68	405
69	401
56	462
19	335
68	287
3	297
134	267
34	293
10	334
134	393
75	268
68	318
59	478
234	284
67	267
34	267
177	269
0	452
220	272
5	286
134	303
2	267
9	385
0	280
201	286
67	292
212	271
4	284
9	334
218	414
17	334
67	284
19	337
3	276
34	335
156	402
91	267
167	293
88	477
2	402
0	276
141	402
0	267
19	410
141	402
92	420
243	291
183	267
2	309
36	269
217	276
68	351
5	272
34	403
0	267
206	269
40	334
1	267
5	305
143	284
143	401
1	276
39	436
100	421
175	268
2	268
5	269
35	401
71	334
100	268
35	277
17	269
102	411
76	305
0	486
40	368
143	410
37	374
74	378
134	403
71	371
12	334
113	401
6	437
75	270
180	418
112	334
134	269
136	339
201	277
18	272
17	335
92	286
73	334
197	309
1	452
136	403
69	272
134	267
4	268
35	493
69	269
2	312
118	412
10	306
0	267
17	344
9	421
84	269
35	395
0	268
21	301
134	286
9	301
137	269
48	269
7	267
51	352
35	280
2	426
42	285
47	274
155	334
34	453
2	301
143	335
34	343
142	336
88	418
4	453
201	284
35	477
34	406
68	452
125	271
201	295
136	403
86	468
211	414
34	364
109	435
134	401
25	408
29	278
7	479
184	282
0	267
71	301
171	268
84	408
2	401
6	406
17	268
47	345
10	355
238	334
142	311
220	304
42	276
0	276
73	277
0	502
187	267
4	271
2	334
134	284
128	416
0	272
84	284
77	391
134	437
67	418
34	275
46	286
7	401
23	352
17	335
25	301
9	403
0	336
159	284
140	343
209	345
21	267
0	297
17	279
153	402
69	276
17	267
138	268
111	268
3	338
4	276
30	360
34	276
202	270
134	421
67	414
21	421
78	284
135	334
34	278
134	334
0	301
50	272
201	372
138	284
0	343
181	412
17	269
136	368
86	404
221	387
243	410
18	276
0	276
17	314
168	309
12	402
17	353
161	284
34	286
134	285
32	424
77	271
0	269
9	282
146	288
169	269
68	306
69	408
0	268
1	271
84	318
20	267
1	334
92	352
34	416
25	459
59	309
157	289
0	318
63	282
9	282
3	331
34	267
9	288
136	361
9	514
1	419
11	335
51	312
1	421
61	267
84	267
5	276
9	404
122	435
13	268
29	339
68	287
17	488
25	303
9	436
19	401
5	312
1	401
36	290
69	346
34	355
15	268
138	289
142	268
68	401
11	376
0	267
42	345
4	267
0	285
0	343
2	355
205	286
179	422
20	401
179	267
1	318
67	301
1	468
67	286
0	301
223	410
10	305
136	322
235	385
203	402
234	280
138	468
54	267
5	336
134	334
1	436
17	343
23	414
0	267
151	272
0	351
76	456
0	476
4	468
67	410
0	339
151	277
5	304
68	338
13	347
9	360
67	292
52	380
9	410
72	338
9	471
84	408
68	407
26	285
219	267
105	288
89	280
109	302
175	504
128	344
2	353
236	267
32	338
71	276
2	271
28	403
54	369
167	277
24	277
101	468
51	408
38	309
1	468
134	288
0	439
38	405
85	292
138	267
135	301
169	268
75	268
34	309
25	268
16	268
92	419
9	269
9	279
10	267
150	270
0	267
0	301
67	371
0	271
142	267
3	494
77	407
134	301
136	271
134	274
9	300
7	335
61	389
25	351
105	422
0	489
92	303
84	360
9	269
8	279
68	292
17	351
0	364
50	336
4	267
13	269
72	386
23	418
153	280
17	404
1	351
184	314
5	454
21	267
27	268
239	268
134	410
100	401
110	368
83	435
135	286
1	267
59	419
73	268
17	272
144	284
151	286
1	341
17	267
209	269
69	424
53	304
0	418
9	271
13	311
7	280
35	338
73	335
86	284
0	285
10	403
39	402
0	267
151	285
0	289
67	276
134	270
36	410
9	334
1	419
72	335
46	270
17	401
38	277
85	267
2	355
163	268
1	456
0	270
25	285
50	313
86	318
31	268
160	267
84	302
172	335
21	268
17	404
5	416
2	370
93	267
68	276
88	453
14	269
201	301
3	278
15	337
9	336
94	344
1	284
44	435
86	421
204	267
0	402
0	403
25	271
4	321
0	372
1	276
109	418
0	308
88	419
1	351
38	270
2	313
3	301
9	342
18	276
72	267
0	502
14	268
104	279
167	268
117	267
26	411
134	354
2	292
13	318
4	406
0	419
139	360
84	301
2	436
4	292
134	269
175	267
234	271
153	335
93	319
2	301
101	289
42	334
17	270
218	335
155	401
76	268
1	471
71	418
86	287
38	267
0	298
71	335
0	337
139	267
134	351
3	305
0	304
67	273
50	301
153	422
17	276
135	354
210	269
1	334
7	372
17	375
67	401
0	279
42	410
22	288
76	269
70	302
150	469
167	318
35	305
34	336
134	339
1	267
23	427
134	338
88	277
44	280
171	271
25	305
2	401
134	267
0	368
5	368
34	334
5	276
144	340
71	318
205	418
5	267
122	519
2	452
175	288
12	271
0	528
151	285
21	271
3	487
156	301
17	472
1	477
9	319
184	302
171	276
143	277
138	403
69	276
105	276
18	401
34	410
4	420
219	401
0	334
88	307
38	480
1	504
75	267
76	268
72	299
22	402
73	336
17	271
19	468
9	267
18	268
142	293
41	284
113	267
3	335
92	301
5	335
212	270
19	351
150	307
40	349
4	408
50	271
143	401
38	309
134	285
84	402
134	404
134	291
67	276
0	368
187	334
75	267
201	272
2	423
21	422
52	267
148	309
27	284
17	404
2	280
53	410
3	401
2	269
18	412
138	301
150	336
52	276
38	305
3	419
1	280
1	401
186	268
67	268
63	271
1	271
7	288
135	267
42	449
0	403
1	302
17	343
80	370
68	330
203	285
113	472
0	278
169	281
61	284
34	403
67	403
0	267
2	427
0	427
20	280
9	336
35	267
147	335
101	301
4	402
153	290
9	303
9	272
103	291
5	334
17	347
0	268
27	292
36	477
29	276
31	284
1	312
113	401
34	452
17	267
2	436
1	277
50	469
205	401
1	267
0	401
75	276
86	405
144	292
34	301
136	302
4	336
88	421
17	353
9	334
69	364
9	429
38	418
201	291
0	285
17	286
0	519
44	436
154	306
0	309
10	468
35	343
76	401
0	406
34	402
1	334
34	285
0	270
67	309
71	334
134	268
9	290
121	322
171	410
106	285
11	275
35	280
68	277
68	419
54	267
34	348
42	309
5	335
42	426
41	319
102	276
136	431
134	276
135	351
221	403
71	271
95	402
11	278
68	279
105	420
135	443
67	276
135	301
110	272
73	267
43	271
4	270
10	333
35	303
75	268
96	336
17	269
141	270
175	435
48	272
34	280
5	280
136	339
13	267
11	334
1	322
67	304
3	424
34	334
5	402
44	403
0	485
2	351
9	276
6	276
117	341
68	372
134	305
172	351
0	489
135	403
206	370
17	267
4	438
71	338
0	309
201	271
5	347
145	477
202	456
25	352
23	423
13	303
7	284
68	271
11	352
0	276
5	272
67	277
5	410
17	269
134	377
9	274
2	414
19	297
171	310
160	271
0	269
11	293
204	368
76	315
1	411
2	271
3	336
9	401
76	270
17	416
1	270
12	276
38	377
75	311
5	272
168	276
54	344
18	343
67	270
109	414
211	334
161	336
3	372
142	299
205	285
134	406
84	267
68	410
134	318
17	342
15	334
169	267
9	334
142	271
60	276
38	401
2	271
3	271
135	267
13	276
17	408
67	335
51	267
1	281
217	267
134	305
52	267
1	271
158	368
84	351
17	269
0	297
0	268
185	487
71	301
34	289
57	326
151	268
71	314
150	339
42	369
103	284
209	276
1	422
67	271
22	270
72	267
1	318
0	271
8	284
134	267
9	288
9	271
85	267
0	268
201	276
201	519
104	401
201	468
21	268
29	334
136	305
138	286
84	404
140	421
0	316
82	267
84	335
28	443
204	268
157	511
5	276
25	268
137	419
150	306
175	267
26	301
148	267
34	287
34	268
73	419
0	269
1	341
246	402
137	435
134	401
5	336
2	444
17	271
15	307
19	267
4	286
25	311
69	376
205	284
24	276
4	418
9	502
38	502
75	280
19	270
159	270
7	436
167	401
34	334
0	468
204	444
21	435
17	267
20	269
20	279
17	276
1	302
0	268
17	414
6	487
34	285
18	477
1	411
7	268
86	438
201	340
0	267
34	270
138	334
168	410
52	276
0	267
234	338
36	284
67	315
86	406
15	405
205	338
168	472
67	269
136	402
134	376
69	452
17	276
69	297
0	385
0	338
153	413
5	412
34	353
34	285
146	335
18	326
134	334
25	343
4	335
34	274
1	343
21	309
72	405
134	276
3	410
10	418
1	267
103	274
70	343
143	267
45	302
47	301
20	270
17	334
9	284
152	297
253	276
184	351
5	271
189	276
4	269
9	353
1	272
9	280
222	308
184	285
22	469
15	285
19	347
1	454
135	512
155	318
71	335
9	471
67	274
236	276
134	418
134	267
22	277
9	285
221	405
35	405
0	267
42	468
1	271
72	405
101	401
81	302
205	273
7	335
154	268
2	343
2	297
11	318
2	284
34	303
0	293
1	271
100	418
86	320
10	477
11	469
22	277
159	391
134	468
9	277
67	435
2	267
2	404
1	334
2	414
0	401
0	408
13	268
0	275
7	340
7	292
0	290
13	352
188	269
6	508
84	305
202	453
9	301
248	268
36	456
13	270
11	401
34	287
134	267
17	422
34	267
0	269
26	295
0	284
67	504
38	337
113	309
140	267
175	268
4	337
67	267
53	301
9	276
42	402
69	267
75	408
55	375
138	313
1	348
20	334
75	306
103	268
135	469
101	452
17	267
84	304
9	339
63	339
136	326
2	334
101	305
1	335
87	284
3	315
25	303
194	377
0	337
4	270
20	271
26	282
0	353
52	144
144	134
3	54
52	1
122	25
34	71
232	155
1	7
0	1
73	4
50	4
10	0
42	34
67	1
38	1
63	69
17	150
0	1
167	186
6	68
143	0
0	42
201	42
40	68
150	157
0	141
161	102
1	3
17	46
75	58
201	22
13	52
104	1
89	4
71	117
71	84
35	72
0	36
235	29
217	167
134	142
9	45
8	38
69	17
84	9
67	12
69	4
85	76
34	135
72	86
0	4
3	25
68	19
218	42
24	2
4	38
85	36
5	150
11	9
54	6
201	29
134	4
111	142
51	170
17	17
34	1
4	58
34	1
111	201
203	0
3	17
201	134
27	0
1	1
205	100
86	153
19	18
1	18
67	5
67	150
5	150
14	2
1	0
54	1
7	23
38	135
2	2
26	202
0	17
35	138
7	68
59	0
243	77
13	9
40	17
0	25
0	13
0	1
17	54
1	9
211	17
107	38
67	134
239	39
172	35
77	1
35	1
67	105
65	42
1	1
34	242
35	84
1	143
67	67
0	138
17	38
4	9
0	1
167	42
136	50
0	168
201	28
67	17
174	70
9	100
40	34
4	95
201	9
67	67
12	68
234	67
150	42
209	218
0	203
134	27
1	143
2	168
211	109
175	35
25	102
0	68
36	9
10	1
17	201
59	74
144	0
156	147
202	75
71	4
3	34
71	1
138	32
0	34
1	135
162	67
43	0
1	4
17	13
17	134
136	21
0	2
1	72
67	42
23	1
69	167
1	3
7	34
36	42
0	2
17	140
71	109
38	142
136	222
150	56
134	23
67	67
52	2
68	67
150	4
5	34
69	136
0	6
3	235
69	49
155	63
167	7
24	0
109	25
11	150
135	0
37	28
134	4
84	68
19	39
67	42
89	138
4	15
4	2
9	13
88	209
23	144
151	68
28	67
185	153
36	134
1	138
0	0
104	234
91	2
9	0
134	0
2	226
143	11
38	42
34	0
138	0
143	7
135	42
109	1
0	109
218	120
31	0
68	82
36	2
9	138
19	36
134	20
0	76
37	34
0	1
9	213
0	17
0	169
0	61
201	209
58	139
36	21
71	13
29	105
134	67
10	125
67	2
0	134
20	69
0	70
190	136
0	134
142	6
67	69
264	46
42	17
177	69
17	0
67	0
24	134
2	9
4	11
2	17
9	101
60	67
34	4
9	34
201	34
9	59
21	153
150	21
9	1
36	22
201	4
18	17
75	0
134	109
7	17
145	172
34	5
0	4
2	42
42	26
50	67
138	34
153	68
170	209
43	34
67	73
42	4
4	68
48	0
0	1
137	141
134	168
36	236
135	34
251	101
2	4
100	67
76	137
26	0
173	139
25	22
85	153
56	17
11	196
34	2
34	22
0	43
38	88
101	235
21	0
4	22
0	17
1	11
67	34
0	150
134	76
136	107
0	7
3	9
44	34
38	136
4	71
134	207
17	134
2	63
5	20
93	84
13	1
134	0
85	21
38	2
46	143
143	12
0	24
40	24
239	134
13	84
9	25
100	2
134	75
134	3
68	20
150	17
67	0
4	203
205	251
100	67
9	209
20	21
75	38
142	203
70	160
67	55
167	36
84	44
92	13
185	0
69	46
197	118
62	134
111	1
25	67
25	10
6	27
203	41
100	21
20	134
17	0
72	69
0	113
134	17
138	86
135	29
9	50
5	100
67	9
153	134
155	68
73	135
17	10
44	10
67	4
68	201
90	3
67	5
0	11
0	171
9	15
26	73
20	139
223	67
137	17
168	42
80	2
3	8
0	139
5	9
18	3
29	143
3	125
10	63
138	0
218	45
205	4
216	134
4	146
6	76
135	17
184	145
134	38
4	185
17	7
4	0
6	38
34	214
4	2
125	136
5	207
13	68
1	4
9	51
36	142
150	86
220	48
146	0
1	9
2	0
84	85
0	176
75	9
0	37
0	7
13	38
11	44
2	151
2	17
11	5
138	106
9	138
214	134
35	34
136	34
77	192
34	80
7	17
159	211
88	202
72	69
71	4
9	2
4	4
142	23
76	1
72	37
0	2
105	16
205	136
169	142
10	34
67	4
4	2
134	1
144	0
69	77
117	0
140	9
136	0
1	1
136	210
92	28
68	121
77	34
18	140
17	177
167	140
201	9
152	0
0	19
150	100
55	80
0	0
128	135
50	2
4	39
15	105
161	4
50	138
67	111
134	77
43	234
187	0
135	159
17	34
0	1
9	7
168	0
205	39
36	203
76	73
34	69
5	134
30	159
19	25
9	38
29	18
42	72
61	43
84	239
54	203
0	76
20	17
4	74
76	69
93	234
39	17
76	77
19	3
4	167
2	137
146	1
153	0
170	9
42	1
144	106
67	0
1	171
198	80
170	84
21	1
9	8
67	75
2	71
167	134
73	5
17	145
21	102
155	155
134	235
1	2
17	17
11	134
26	9
0	17
140	201
50	155
23	36
201	52
17	137
69	50
3	134
147	182
150	34
67	69
1	20
11	134
18	7
11	136
109	34
175	13
44	7
134	0
104	19
1	2
18	43
4	35
136	113
73	2
61	235
13	243
38	92
67	134
1	18
10	21
4	4
0	5
35	68
209	0
67	67
1	84
34	0
1	7
234	85
2	35
17	142
2	34
0	211
134	0
70	186
135	29
3	16
29	159
18	0
53	171
217	1
17	101
69	34
42	76
235	1
56	67
134	11
10	21
29	142
37	40
137	100
239	7
11	10
42	72
0	169
36	134
173	134
0	2
26	17
35	2
144	244
67	0
25	2
68	2
5	17
3	167
67	0
196	9
134	169
5	0
27	178
9	3
67	7
59	65
80	208
84	4
209	47
101	7
2	13
68	4
17	34
136	3
176	84
50	2
34	17
151	0
0	2
135	1
7	134
177	0
48	52
150	136
71	34
42	134
1	1
68	77
134	1
50	84
101	52
1	101
201	84
14	68
0	9
53	85
52	0
20	136
0	51
145	144
135	151
134	69
53	68
80	5
0	9
15	210
219	1
1	4
67	76
2	117
38	42
5	134
150	134
0	68
10	88
68	136
85	12
201	146
0	3
135	102
35	2
136	60
17	40
0	167
34	138
34	84
0	22
0	2
21	9
163	226
134	88
155	3
2	143
126	159
2	102
75	117
20	34
17	67
134	46
217	134
85	1
138	138
100	43
75	0
1	35
9	13
0	11
4	2
13	178
234	134
6	3
34	2
11	175
72	37
13	2
38	1
10	143
1	21
1	37
57	201
13	0
17	22
44	150
41	43
134	53
209	0
26	38
36	142
84	4
1	84
17	1
90	68
134	173
9	143
17	34
0	4
5	134
0	2
211	36
102	18
43	69
84	1
85	80
100	134
4	147
59	105
135	151
68	0
25	134
150	134
100	9
17	142
1	68
68	35
0	167
236	67
0	9
0	31
1	9
27	108
0	214
167	42
68	136
22	134
18	5
84	50
75	35
17	136
203	134
75	36
4	67
0	0
0	9
150	0
138	0
2	4
1	66
1	17
9	188
0	2
34	34
113	50
69	0
51	35
36	9
101	1
100	0
73	14
1	2
4	1
134	102
0	0
17	155
3	75
39	253
17	0
0	186
144	201
2	36
36	11
47	75
134	134
4	134
36	0
34	6
138	2
0	31
2	67
21	41
201	235
3	259
4	52
1	73
9	34
5	2
69	36
25	34
1	226
2	1
0	143
75	0
9	84
0	81
167	21
43	236
138	9
31	0
42	159
54	67
1	1
17	69
50	102
32	34
106	47
2	5
35	170
138	1
5	67
140	50
67	69
85	136
18	56
0	0
97	36
17	21
113	138
201	156
139	5
0	3
155	1
155	109
13	128
9	17
178	150
17	2
0	78
138	173
5	70
2	13
1	134
135	11
3	10
251	138
34	139
29	1
9	168
0	19
94	1
2	25
136	142
107	25
180	17
71	73
142	3
61	189
144	22
5	0
34	134
134	19
180	67
38	3
17	90
2	214
17	85
136	71
144	134
2	16
29	17
72	67
18	67
46	9
135	218
13	48
150	14
73	101
1	226
75	68
13	0
34	0
47	1
34	13
184	2
26	0
151	68
83	9
68	134
179	51
2	0
2	1
101	26
31	68
22	209
0	4
0	1
9	2
0	3
84	9
109	134
18	84
51	202
53	11
172	9
139	22
9	71
0	9
13	19
39	142
10	140
1	34
21	13
136	134
70	150
11	2
76	1
105	235
159	184
159	3
9	35
3	7
0	34
27	0
43	67
10	50
1	25
4	71
84	135
6	153
9	39
242	54
29	2
17	34
242	0
0	0
135	0
201	203
10	104
9	101
72	34
25	7
9	18
2	35
138	135
2	67
138	5
0	11
76	41
5	42
146	1
44	5
192	58
23	167
134	228
25	1
17	0
138	0
59	139
67	38
205	142
10	9
34	1
2	1
1	150
210	59
4	27
168	55
11	22
209	11
67	13
201	213
100	17
2	150
143	9
2	20
52	168
159	2
49	65
10	5
6	3
134	202
43	187
0	4
67	65
0	207
1	14
2	19
137	4
134	25
153	53
143	21
9	22
4	10
68	17
11	35
17	3
35	101
0	143
18	134
4	153
100	21
7	35
5	17
22	68
130	75
13	69
150	0
20	167
0	138
50	1
25	0
90	26
17	1
78	17
159	67
0	34
25	3
101	69
176	150
6	26
150	21
1	1
1	17
69	68
1	40
23	134
100	85
11	5
80	0
5	35
190	4
1	67
118	68
7	203
13	67
135	0
100	47
0	2
167	86
105	168
44	0
25	101
2	67
138	67
9	136
18	143
0	134
21	101
3	34
2	36
1	0
134	178
201	0
239	134
227	18
17	0
181	13
2	35
3	139
1	2
0	192
153	201
153	9
11	51
17	201
17	1
1	4
137	84
5	0
90	34
139	20
0	0
3	51
167	82
1	10
67	104
1	100
2	0
84	138
109	0
168	17
34	0
7	3
68	134
4	34
151	50
38	36
1	67
201	9
187	19
109	25
186	201
13	9
118	11
34	76
221	134
2	238
9	185
2	1
39	84
67	0
0	9
0	142
59	213
0	244
13	43
4	43
36	85
9	8
34	0
176	48
175	1
150	0
0	15
18	0
17	34
17	21
71	67
9	208
38	1
82	5
13	0
167	4
35	1
138	39
117	5
134	13
26	153
48	42
42	256
38	70
17	251
43	9
82	75
167	0
0	5
9	134
122	157
2	19
2	67
59	1
202	6
189	16
50	209
17	38
155	134
102	32
68	172
84	143
94	138
1	35
136	184
68	75
136	94
138	21
0	10
143	1
34	2
25	10
4	201
9	0
150	6
34	9
135	119
138	143
63	8
0	234
136	34
70	18
50	17
160	224
217	217
236	67
4	209
255	109
25	15
123	0
9	37
20	67
184	17
188	42
17	119
212	2
72	34
17	34
71	17
4	170
21	177
59	146
67	4
67	86
2	157
68	150
101	0
18	25
111	68
59	1
1	203
2	34
17	0
52	38
1	35
0	53
67	7
67	0
7	9
67	21
118	39
0	17
74	2
17	17
0	75
201	89
8	142
134	140
2	102
203	38
17	70
9	2
9	60
54	109
9	0
34	138
7	176
0	17
201	69
9	9
134	1
75	134
40	35
80	67
161	168
35	9
17	21
3	70
44	40
68	203
11	4
9	73
86	174
34	1
67	4
22	201
67	94
186	0
0	26
36	1
140	68
34	22
189	0
34	38
17	5
11	138
0	38
23	68
51	9
0	2
2	11
17	1
5	0
1	17
226	217
68	9
11	238
2	80
4	102
10	3
11	72
21	1
68	0
89	100
2	68
10	42
2	26
100	4
40	2
63	38
85	0
34	86
71	2
143	155
9	155
34	19
34	134
110	52
188	169
4	112
9	89
4	125
9	217
171	13
9	3
36	41
9	205
5	11
35	4
2	11
6	170
7	4
87	143
214	138
169	209
4	50
71	54
34	86
1	102
201	53
40	71
0	50
5	2
68	168
45	160
138	77
9	78
86	143
150	34
0	51
72	138
0	9
11	2
37	136
2	0
209	144
50	11
135	134
34	167
39	144
21	136
34	10
125	101
202	1
1	4
2	118
50	2
4	138
56	0
68	88
150	2
10	134
181	23
70	0
205	100
0	4
0	134
25	2
26	141
211	75
4	36
4	137
253	67
10	1
134	0
101	240
35	34
19	70
101	38
1	136
1	0
136	38
71	18
134	17
67	137
171	0
168	170
0	234
45	69
23	0
102	167
135	2
1	134
0	40
72	3
70	5
71	19
36	0
19	27
38	136
0	9
17	110
26	68
160	160
0	3
1	42
67	0
10	151
209	167
39	168
262	76
0	0
109	83
2	67
19	74
231	203
1	32
204	7
13	55
9	2
0	136
67	170
2	7
0	92
67	42
2	68
134	238
17	88
100	177
11	134
71	0
11	2
67	135
201	220
67	125
7	77
59	143
34	42
34	0
11	22
1	203
67	6
202	0
85	86
153	75
134	201
67	78
73	3
5	3
168	134
92	155
2	4
35	257
201	2
21	52
134	17
93	19
0	1
75	86
2	134
9	10
67	77
42	0
5	1
67	18
10	3
8	28
18	201
100	146
185	136
107	146
5	4
246	0
88	92
21	143
75	0
138	67
15	34
52	213
4	73
1	38
1	2
1	25
9	25
68	34
234	218
105	136
68	34
44	1
4	40
6	1
17	67
161	6
34	69
17	25
7	117
11	67
25	31
134	163
138	156
4	11
0	23
20	10
6	13
201	0
6	153
218	10
67	174
0	34
142	56
134	134
25	4
109	251
86	171
68	9
44	0
201	210
34	2
67	69
7	156
5	67
0	75
17	76
7	85
73	72
5	50
50	17
68	4
101	101
0	138
2	1
2	67
32	34
1	203
0	77
236	142
68	134
0	4
135	67
38	67
68	0
44	34
86	38
7	0
0	150
142	161
9	67
9	2
8	29
19	13
4	1
25	0
201	17
139	26
134	2
17	155
75	18
184	92
1	201
35	2
9	140
17	2
68	10
88	0
51	5
207	4
146	9
75	17
71	75
43	105
39	1
0	36
76	2
134	29
4	146
4	0
17	1
167	39
17	72
9	191
0	85
134	0
139	20
109	21
0	46
1	1
5	219
0	59
76	11
43	22
54	0
71	48
104	34
138	47
159	169
1	35
0	152
1	159
67	3
42	69
48	0
150	71
54	1
2	38
139	9
52	134
256	26
5	211
160	56
4	57
135	136
138	150
36	2
109	25
17	20
71	1
38	177
70	0
21	34
143	134
6	38
9	155
9	148
20	44
67	35
251	84
39	3
0	136
117	1
1	17
170	34
9	70
25	68
18	147
175	9
162	17
259	137
226	67
9	19
34	2
3	188
2	0
1	172
3	1
69	3
150	174
17	138
150	1
10	1
17	134
143	135
163	20
136	34
11	1
1	0
9	93
3	138
34	17
2	92
38	167
0	143
35	77
0	175
80	77
67	18
34	2
52	1
19	15
167	9
0	29
34	3
34	1
154	19
74	7
11	0
7	135
9	2
1	0
67	119
13	186
34	96
71	34
134	134
13	76
234	9
2	134
2	1
42	67
1	72
0	75
100	136
134	0
34	85
136	117
1	0
25	163
137	188
3	77
46	134
77	1
26	88
167	143
5	40
206	73
0	10
34	142
20	234
9	1
5	59
76	3
1	154
17	3
25	202
152	169
39	134
0	141
4	142
209	1
14	13
11	57
150	136
201	201
9	86
67	10
0	17
29	238
14	142
42	83
4	84
0	9
43	37
17	75
34	151
211	151
4	153
25	134
3	10
246	135
4	1
2	0
0	14
1	1
134	11
20	167
63	0
134	167
9	1
135	1
97	68
0	0
4	11
14	151
0	69
68	9
24	32
25	153
86	138
34	38
222	0
9	134
1	34
74	46
154	69
7	1
19	0
4	99
9	6
70	1
137	188
169	176
15	202
68	168
67	3
143	68
0	47
9	238
1	51
35	167
0	46
87	0
3	21
136	68
0	20
9	17
34	75
17	6
50	0
70	22
203	4
0	134
75	7
2	196
146	5
134	7
227	2
137	151
0	36
69	134
47	76
71	24
39	213
50	136
2	105
2	67
84	156
3	12
17	69
205	57
0	9
142	86
34	153
205	0
145	72
2	175
0	4
22	134
206	135
5	86
98	39
68	2
0	8
22	68
14	2
151	0
167	2
43	43
7	33
7	25
184	186
19	67
101	36
104	135
100	167
134	80
36	17
136	15
107	29
100	136
251	67
1	1
42	2
67	29
139	1
0	5
168	70
2	1
5	76
68	25
68	31
84	251
9	68
21	50
227	40
67	44
20	1
1	9
1	0
1	118
14	22
4	168
84	67
30	75
140	71
217	19
50	118
5	0
50	50
134	9
243	169
0	151
253	218
135	1
19	3
155	0
67	69
17	209
34	34
135	167
0	0
34	67
17	19
24	9
34	84
117	13
1	0
234	159
0	67
0	1
201	101
167	36
135	0
75	12
17	67
17	68
3	2
217	150
134	169
135	201
4	1
37	0
1	5
211	90
201	167
151	0
205	5
34	172
5	19
9	3
100	72
50	11
185	34
36	136
139	0
74	38
17	151
36	71
68	0
136	12
0	237
93	177
134	37
1	9
44	75
1	84
155	5
244	13
0	167
100	218
251	206
5	157
134	169
136	150
0	36
118	202
176	46
11	11
142	143
159	0
17	134
9	222
9	143
125	9
9	9
2	134
90	17
10	22
1	67
203	134
135	86
67	80
39	235
17	2
134	101
137	4
13	51
235	23
67	9
4	120
67	1
76	88
8	136
2	100
9	34
47	0
19	9
17	0
3	13
102	92
175	19
27	7
0	34
77	151
142	9
10	100
2	201
2	134
2	34
0	11
5	1
68	1
151	10
9	67
137	84
68	10
50	21
136	42
140	34
27	20
34	2
43	219
2	38
77	5
107	13
34	101
105	17
17	137
12	218
155	101
67	5
1	206
115	1
202	155
13	47
134	155
134	134
52	37
66	82
84	5
239	9
151	10
159	24
35	56
177	85
136	19
0	34
37	22
9	34
137	51
2	48
68	34
34	235
9	35
0	169
151	5
0	2
10	201
134	0
2	26
13	3
1	12
25	84
0	51
204	137
34	1
106	19
19	0
146	0
239	5
0	134
69	4
86	2
0	19
42	167
169	40
155	100
52	0
0	9
205	20
14	0
184	34
11	187
1	5
1	12
138	1
70	19
86	34
3	67
167	34
15	167
0	5
15	35
25	236
146	34
2	152
68	167
4	69
59	67
261	35
138	34
1	35
142	19
160	20
67	67
4	134
68	14
0	25
7	205
90	4
51	175
84	19
1	72
72	2
9	17
134	2
9	25
173	0
109	179
209	207
69	140
9	0
17	184
68	151
17	84
25	4
150	4
5	3
75	26
134	9
50	84
134	35
8	0
1	9
81	1
135	135
42	3
93	2
184	136
6	2
201	59
4	17
201	8
23	38
150	0
9	0
17	25
34	134
25	201
0	19
138	136
175	100
125	136
134	67
17	4
37	0
34	0
136	17
75	43
9	101
171	138
8	11
0	143
170	68
0	67
35	138
35	159
193	1
22	34
34	0
69	68
90	0
1	205
136	68
0	1
182	68
153	49
87	75
0	55
134	217
134	28
17	24
36	167
0	0
135	153
68	0
42	12
75	0
0	43
67	21
84	39
18	35
4	142
1	134
167	17
7	10
201	202
135	2
46	3
35	70
169	171
71	4
56	68
19	202
0	159
3	93
5	3
0	9
150	9
19	163
60	142
150	29
10	135
150	75
153	150
84	1
10	209
20	17
71	71
21	74
134	40
101	0
67	148
2	32
34	226
210	68
10	69
11	0
67	34
0	189
134	22
2	134
25	76
75	18
34	17
135	136
4	134
74	4
136	138
18	134
34	100
9	69
142	146
223	1
2	21
17	15
34	0
70	100
109	18
69	35
3	0
0	13
59	2
260	4
100	17
2	69
1	70
42	4
20	75
92	45
73	262
151	36
13	67
0	1
21	0
117	151
0	2
139	198
2	1
2	10
201	50
35	17
3	50
20	150
68	91
100	1
2	69
50	21
50	201
0	35
3	59
136	134
22	4
51	67
137	24
34	2
160	1
0	201
111	0
188	243
34	0
201	178
17	182
134	135
8	169
134	175
17	50
67	34
9	217
43	218
68	34
147	169
168	141
11	26
2	67
202	68
0	2
2	192
136	117
69	57
1	152
34	7
4	8
18	68
150	18
68	101
67	236
5	67
5	68
203	34
155	72
21	0
69	10
67	37
201	161
4	185
143	59
156	9
34	2
143	11
1	17
84	1
1	172
9	9
9	5
0	172
142	174
37	180
176	138
112	134
27	34
4	135
9	36
43	2
9	221
2	35
201	19
43	11
71	0
42	17
100	68
34	134
161	4
17	27
2	0
46	205
50	25
150	203
68	135
4	172
135	95
1	162
134	11
1	1
67	153
222	0
134	141
37	171
0	11
167	134
71	69
67	122
9	35
0	143
70	9
171	69
96	35
9	45
134	69
3	72
9	80
117	34
1	63
0	3
4	22
0	101
18	11
9	209
71	0
68	4
50	238
22	42
86	134
171	3
161	134
134	50
76	0
5	142
105	170
118	9
35	23
15	193
1	177
7	150
9	104
38	84
168	62
136	88
103	36
7	38
134	9
34	71
50	72
226	0
134	17
3	81
17	17
135	34
26	136
17	151
100	134
9	94
13	42
52	60
9	5
21	5
24	84
0	221
57	5
4	156
5	17
1	3
10	4
2	1
35	39
0	19
34	18
34	36
10	81
71	36
0	88
193	75
5	134
0	0
17	4
139	9
2	70
84	67
218	25
84	47
0	68
68	219
134	9
153	5
0	125
26	25
86	69
10	84
105	11
0	155
52	68
0	57
0	3
134	128
3	1
38	17
9	69
2	39
141	32
0	80
25	2
80	2
137	84
38	0
161	100
50	1
239	136
235	93
70	100
9	1
0	14
34	17
42	0
17	0
18	2
5	46
2	17
86	134
40	34
0	20
4	100
67	159
3	12
234	1
0	1
167	2
0	68
46	9
76	13
57	50
34	67
182	7
84	38
34	93
0	201
11	2
2	134
19	1
211	18
5	11
13	151
72	0
181	207
8	35
34	2
25	0
0	13
2	0
67	9
42	24
35	168
73	0
9	171
4	150
12	151
19	0
0	54
1	145
0	0
71	34
34	8
42	1
111	19
36	34
107	75
27	150
0	151
7	135
154	2
23	9
135	9
19	57
253	175
134	10
27	161
67	217
74	138
85	159
47	48
2	67
12	20
69	99
92	135
168	55
19	150
13	17
77	68
4	67
1	185
54	142
11	34
39	5
0	136
205	72
69	134
15	203
101	0
242	221
169	1
17	134
7	144
201	84
167	42
0	0
35	134
136	17
171	2
67	117
16	67
9	19
0	7
1	68
29	53
44	17
1	7
102	45
71	167
7	136
209	84
2	38
134	28
7	19
3	85
84	7
94	73
134	151
111	1
0	40
59	246
37	0
0	6
1	234
242	0
134	2
7	67
3	122
35	28
69	202
134	4
16	134
134	84
68	34
17	85
18	2
2	20
51	59
13	68
21	11
0	42
4	27
36	67
136	2
203	138
53	207
0	150
34	71
1	1
134	201
34	9
71	1
28	0
100	67
243	1
19	29
1	201
10	150
2	147
67	85
34	201
7	34
1	209
0	134
17	71
3	42
0	0
1	35
2	1
0	85
18	0
104	0
9	36
34	0
155	100
76	168
14	136
1	5
135	3
52	7
53	2
53	1
36	14
136	35
1	51
201	34
151	54
34	10
59	17
70	39
119	3
204	32
17	117
1	4
4	0
20	13
4	184
72	25
201	18
84	106
0	7
6	36
42	72
17	136
0	3
3	172
121	0
67	1
4	5
1	17
67	0
101	5
105	138
134	150
0	2
45	34
34	138
1	8
0	1
209	151
9	134
196	17
177	7
3	40
201	12
134	0
21	136
102	238
4	2
4	135
11	10
2	101
103	84
50	0
0	84
44	0
9	2
0	2
4	1
14	134
68	17
20	170
17	150
73	1
159	34
68	167
121	107
42	6
21	218
190	50
142	10
204	5
4	35
38	0
120	167
150	68
76	75
30	0
3	0
71	6
1	73
19	0
0	70
80	147
18	88
74	37
34	75
214	1
74	19
1	0
177	3
42	0
239	0
211	63
170	34
134	0
134	99
136	123
167	9
142	9
25	67
52	2
75	1
8	0
51	209
0	4
12	3
19	9
27	17
0	202
4	40
9	1
72	51
4	68
1	17
17	181
43	84
86	29
251	1
145	0
234	3
4	19
69	76
138	137
67	136
40	67
3	9
67	19
1	84
36	142
172	22
25	151
1	17
75	18
4	67
134	0
84	92
101	3
36	43
71	2
10	17
52	52
95	1
0	9
27	25
1	35
4	2
50	0
4	48
0	82
85	5
155	42
1	72
7	9
5	155
151	10
171	1
1	168
138	167
3	17
19	34
142	1
8	1
155	4
0	46
17	0
14	82
136	4
18	35
13	67
86	61
38	34
34	19
134	137
3	4
0	37
151	3
44	3
203	69
1	100
84	13
235	135
74	17
159	9
167	67
42	0
67	141
64	67
119	123
145	71
72	4
137	27
2	0
151	0
140	138
88	50
84	0
42	45
167	134
135	4
138	171
9	201
38	68
1	7
70	17
117	203
9	161
67	36
37	69
0	18
0	201
13	1
52	184
12	71
140	172
72	2
7	77
0	1
252	136
2	13
40	151
239	0
159	12
119	67
34	72
210	134
67	4
185	111
13	68
9	2
101	4
35	134
151	134
1	10
102	201
0	9
26	150
10	67
34	43
50	0
67	140
184	4
2	0
0	0
201	17
71	27
34	67
34	180
1	1
3	72
0	2
246	16
34	142
13	10
67	71
238	203
9	170
1	50
84	143
18	142
34	59
136	160
140	0
42	0
134	7
3	73
5	9
134	73
67	154
4	53
0	106
9	136
37	9
5	37
18	2
43	36
143	104
21	11
101	169
101	34
84	134
1	134
17	56
3	167
4	34
76	75
67	77
136	1
146	2
171	135
191	12
45	134
42	217
0	1
80	11
19	137
0	34
17	34
0	54
1	145
19	134
134	19
84	27
121	1
21	112
147	155
20	4
11	117
7	46
217	0
1	61
57	241
117	94
14	151
151	26
17	75
38	13
1	18
150	11
9	67
9	217
1	1
0	9
2	9
10	0
7	188
38	0
143	34
4	134
7	9
4	34
36	85
19	10
35	0
102	15
50	7
17	192
9	1
34	1
1	175
100	42
144	134
125	103
80	19
59	203
218	46
0	10
34	137
4	20
9	20
167	100
71	29
25	19
9	1
1	175
0	136
67	9
75	31
1	5
34	168
0	0
7	38
68	1
4	72
17	100
15	42
60	0
0	134
1	17
0	58
134	96
43	43
17	44
4	147
150	0
1	67
175	23
84	4
167	13
42	11
1	3
0	202
22	1
21	34
244	17
154	67
38	144
25	7
42	68
2	34
2	146
143	69
0	17
2	3
1	160
135	0
0	5
34	37
67	135
42	5
1	34
3	201
146	43
7	8
100	17
0	17
0	168
72	5
152	4
0	1
34	59
36	13
138	26
142	60
1	9
81	9
42	128
38	69
0	27
136	19
0	100
68	68
21	35
100	184
68	9
34	29
184	202
69	145
138	134
146	25
2	69
134	100
1	107
150	38
76	89
0	3
1	32
0	0
80	169
39	0
1	150
0	184
171	167
7	67
217	13
150	17
68	150
0	134
0	29
60	138
4	119
50	1
36	67
1	71
22	19
30	150
84	71
4	36
9	4
109	77
138	0
27	67
70	17
68	7
9	11
22	0
1	27
38	136
0	18
121	73
43	10
0	34
34	251
9	0
35	0
201	0
1	17
61	35
197	54
169	9
104	190
1	86
36	17
19	135
149	67
120	42
34	67
4	9
48	0
4	35
134	10
13	185
17	38
19	0
89	201
0	9
0	69
9	2
75	5
72	1
21	34
59	40
134	68
70	21
17	1
9	136
9	75
39	192
85	9
143	1
22	1
10	8
134	206
19	144
1	67
13	88
42	202
211	207
50	192
1	4
2	43
1	35
57	0
17	2
68	76
82	49
13	1
210	0
67	0
135	10
26	134
201	3
21	45
2	136
67	230
59	92
107	202
119	9
17	7
1	1
53	43
69	135
35	5
2	0
59	167
34	34
106	67
70	1
13	209
44	147
7	70
0	51
72	2
36	18
17	135
36	136
217	194
10	139
22	0
67	160
134	20
36	146
168	134
134	4
67	0
75	34
100	9
34	134
35	160
67	52
67	0
78	27
73	9
108	134
5	11
252	10
4	5
1	0
9	2
1	0
68	3
0	89
101	137
163	242
27	5
137	91
34	88
202	4
142	69
143	9
244	159
34	84
69	137
18	0
159	25
22	1
1	138
0	42
15	67
28	136
13	9
1	106
9	86
40	17
34	152
9	43
1	90
9	176
5	0
2	100
136	137
0	186
134	2
238	0
0	34
9	13
72	71
35	34
4	85
78	4
0	34
84	17
18	170
9	5
136	0
142	2
2	137
135	134
4	39
0	75
1	47
35	201
4	201
244	184
1	202
57	180
134	9
68	86
175	0
16	67
26	50
67	2
150	43
11	50
170	203
76	76
144	2
172	36
9	234
9	29
22	0
38	135
68	7
10	134
4	54
1	61
138	105
149	75
72	1
68	4
70	1
75	2
209	4
7	188
201	136
136	36
0	184
138	71
1	11
9	17
36	2
8	2
10	85
11	2
0	234
0	102
17	74
167	3
9	67
70	67
38	17
0	77
9	76
14	2
150	3
163	3
67	34
34	17
8	210
67	1
26	234
0	1
0	86
137	9
134	135
219	1
142	34
42	168
100	18
76	68
0	26
167	136
72	34
84	46
201	34
146	17
220	0
209	57
1	161
51	43
17	45
134	17
11	44
138	93
70	13
44	138
102	29
50	1
52	1
88	23
9	119
38	10
67	50
136	75
2	3
139	0
178	72
49	202
50	35
9	21
100	134
1	153
67	171
0	71
13	5
68	34
135	34
9	1
158	77
20	1
34	136
4	70
39	9
68	69
69	159
5	202
134	0
169	59
101	201
161	110
0	8
142	34
134	68
1	88
2	45
77	141
202	9
154	2
153	29
117	4
75	153
68	130
9	3
2	134
141	201
5	73
34	137
88	35
102	150
0	42
134	50
151	34
67	4
0	7
29	0
20	152
20	11
217	167
212	34
171	0
71	50
4	23
9	9
0	21
17	50
9	4
9	2
237	134
27	172
138	2
73	29
68	76
9	259
4	17
69	18
11	67
26	106
29	175
20	0
139	77
0	27
10	5
0	9
153	1
104	209
0	9
14	13
84	136
43	34
136	93
5	1
7	84
34	38
134	109
0	4
11	13
67	44
3	37
144	9
0	2
39	88
0	20
18	0
17	1
4	25
17	0
128	40
73	2
17	2
26	67
22	3
201	3
9	17
242	35
68	186
54	9
134	76
21	1
10	71
1	17
13	0
178	6
10	150
1	0
21	0
134	134
80	67
9	42
20	5
111	0
0	21
1	72
2	0
4	0
1	0
74	109
17	34
9	9
67	134
45	37
7	105
234	0
217	136
171	84
0	68
34	2
16	18
102	209
100	17
15	4
69	1
9	2
29	2
2	1
34	0
138	42
67	0
53	35
32	4
0	17
13	4
0	168
137	34
138	19
0	5
1	44
134	9
1	42
101	3
0	1
13	29
141	1
132	35
1	134
202	67
146	1
68	68
19	0
11	210
0	142
42	44
67	28
36	34
51	5
9	5
151	150
0	17
8	0
3	84
17	1
17	147
140	9
17	17
11	34
0	36
0	68
3	2
0	104
2	34
125	218
0	134
2	134
10	217
260	20
168	9
167	153
9	0
0	203
201	84
101	3
32	9
17	85
85	9
134	5
34	111
80	13
34	44
201	134
42	171
0	17
0	1
68	27
17	1
134	107
190	100
4	9
34	146
184	2
85	0
75	2
5	238
213	71
7	2
86	68
59	89
0	86
2	202
0	181
21	136
11	1
18	18
0	51
80	1
193	151
0	38
134	0
209	1
169	9
24	1
191	4
72	17
136	125
69	84
0	138
29	0
9	1
2	4
9	226
19	138
87	143
50	134
9	2
3	38
43	134
1	2
134	9
0	1
13	201
76	0
203	7
47	147
34	75
134	167
5	242
84	9
142	72
35	0
9	35
69	25
13	68
2	67
19	4
41	25
4	2
138	32
71	43
13	42
34	9
68	134
0	9
9	4
217	201
19	36
71	137
1	70
134	5
0	43
59	17
34	50
84	67
2	134
81	176
157	1
1	4
7	150
86	29
138	46
88	106
0	34
0	50
12	59
23	60
17	25
67	1
0	109
50	9
68	17
67	12
2	34
0	68
19	147
22	167
168	11
0	0
35	2
166	59
1	0
151	138
68	50
203	0
95	50
37	136
1	1
151	139
136	42
134	142
201	92
167	134
2	150
235	135
100	71
1	136
9	34
19	134
27	234
145	5
5	0
2	134
84	77
43	213
9	140
114	28
134	42
38	136
1	221
33	68
109	43
17	34
22	9
4	68
86	67
44	158
67	36
43	9
67	5
38	151
134	246
82	1
19	17
219	192
2	13
67	9
168	17
201	0
73	4
136	21
4	78
3	2
10	4
36	5
5	128
146	2
4	134
155	9
171	38
0	1
17	34
68	13
152	8
146	221
134	17
0	67
85	13
136	169
171	2
17	0
17	1
0	184
67	235
12	13
17	4
17	143
21	53
185	100
73	0
102	0
0	21
71	1
54	1
17	68
9	5
150	22
102	192
150	67
4	25
146	70
102	75
17	19
42	44
34	134
36	0
201	69
85	9
1	82
1	135
138	135
17	169
56	100
3	93
38	67
5	0
50	1
10	1
71	100
4	134
70	236
85	167
29	34
71	4
26	17
135	9
2	0
10	146
15	68
0	134
109	143
44	1
11	153
1	18
100	106
1	35
1	100
136	184
3	17
226	180
7	35
72	15
42	109
134	9
38	0
95	4
87	68
3	107
88	3
169	167
10	48
29	46
36	34
44	136
9	134
26	67
5	5
1	2
142	201
34	1
11	2
0	142
73	0
0	0
0	34
1	34
0	38
1	143
0	2
150	5
16	17
0	60
0	24
136	1
43	0
24	167
86	1
67	20
101	2
84	68
96	1
4	72
180	21
150	4
67	67
17	8
9	54
2	10
175	29
139	1
84	201
11	210
17	34
75	34
109	13
63	11
43	142
17	51
43	203
109	4
80	1
10	0
126	9
15	1
19	22
2	1
0	134
17	4
67	134
5	81
34	67
17	4
2	113
36	105
70	34
3	11
13	22
17	70
75	70
161	21
9	19
70	23
201	134
136	0
0	135
9	25
2	69
185	47
12	134
71	7
4	51
0	0
67	135
2	134
7	159
142	5
1	5
201	0
4	11
0	31
89	19
2	160
175	204
168	11
11	34
17	72
17	17
2	18
0	3
11	38
142	0
158	2
88	20
2	2
156	42
19	169
34	85
34	34
0	0
5	71
156	150
80	10
35	144
80	19
1	1
0	17
205	146
1	0
3	88
151	40
11	46
54	71
120	0
1	211
20	68
5	9
27	67
34	3
0	75
4	167
205	142
134	93
135	3
4	17
192	0
75	159
118	9
40	138
11	51
0	234
4	1
17	0
31	226
172	138
20	35
0	0
67	153
51	36
167	168
150	105
3	75
177	146
93	0
0	169
50	0
92	202
0	0
0	22
7	0
9	29
0	138
1	1
119	68
29	43
144	9
10	65
182	34
2	106
4	4
34	76
136	134
118	223
167	138
34	88
43	67
134	10
17	84
168	102
67	167
4	134
19	17
204	24
84	34
39	74
203	1
11	0
67	100
201	2
4	1
26	152
0	17
154	67
67	67
134	1
7	1
34	85
5	4
182	1
137	15
70	36
1	107
17	3
242	4
176	136
29	1
7	26
218	35
134	0
39	34
22	11
25	35
0	5
21	22
43	50
135	34
136	76
118	0
13	11
11	17
206	3
0	134
150	1
2	217
151	42
67	142
1	190
214	134
9	67
17	35
42	1
143	201
168	9
134	2
13	1
10	51
1	136
67	17
152	38
84	34
146	1
134	167
92	134
139	68
21	0
31	67
1	137
151	0
9	67
19	0
171	9
197	34
48	0
21	2
0	3
1	101
17	34
211	68
68	72
59	17
151	0
169	81
102	101
3	137
29	4
17	42
68	134
153	23
18	117
4	2
105	0
39	75
2	134
46	3
9	2
4	67
168	235
0	92
88	34
0	72
11	143
19	246
11	9
9	68
238	134
25	2
167	17
10	17
38	2
18	0
92	1
35	9
27	36
150	259
9	68
84	234
110	52
117	70
1	145
77	76
11	205
38	0
18	46
101	0
142	100
138	1
17	138
135	5
21	76
136	34
10	9
19	34
84	47
184	59
141	142
3	45
92	38
201	178
205	175
13	242
134	11
88	135
205	1
236	109
22	35
85	73
134	168
34	4
134	68
1	68
0	1
35	17
19	1
0	38
139	2
153	17
143	9
67	54
98	1
138	50
144	4
5	6
0	34
143	34
157	1
2	209
209	1
150	4
205	219
2	21
2	13
0	50
0	3
34	48
3	136
154	201
17	13
136	143
228	1
84	34
34	3
201	10
9	9
144	154
68	141
72	0
36	21
142	67
2	38
3	67
13	67
2	10
1	0
51	36
71	84
251	202
159	34
105	13
3	0
201	2
50	67
43	17
134	0
0	134
0	135
2	0
140	0
13	9
9	27
0	7
0	21
53	23
1	1
3	67
38	135
38	35
35	18
14	135
67	50
25	153
2	167
1	87
135	55
7	136
75	3
136	150
10	86
41	34
8	219
3	0
34	68
234	149
1	1
43	80
51	114
138	27
2	2
34	0
19	146
0	174
202	168
34	56
3	24
136	166
51	4
69	90
50	0
100	2
0	107
10	22
17	38
137	1
0	17
13	13
18	40
151	1
2	143
67	1
0	102
2	1
50	4
9	171
105	201
15	2
13	68
73	170
2	169
142	26
168	56
72	0
207	34
71	19
46	51
76	34
9	1
34	19
13	10
142	5
100	2
60	42
13	3
110	0
134	73
161	0
167	15
34	0
203	34
2	84
4	92
134	50
10	50
5	1
3	0
4	134
47	9
0	67
2	0
17	68
34	23
40	188
119	4
11	234
67	102
43	136
134	34
2	1
1	45
67	85
20	1
201	5
37	103
135	211
3	172
42	59
11	77
142	134
67	9
5	69
118	85
0	0
202	34
71	135
23	6
36	121
15	43
2	50
1	217
159	69
0	138
5	256
0	9
201	35
4	118
11	209
5	138
20	142
26	2
2	0
120	17
0	13
17	71
35	134
160	234
175	0
18	4
144	10
11	47
76	1
0	2
100	140
194	205
36	9
34	0
2	29
1	50
54	155
134	102
214	67
18	94
19	0
17	22
0	2
92	61
9	42
17	40
9	143
9	0
168	154
156	196
14	0
9	75
186	21
2	68
179	38
76	34
169	4
42	172
10	205
73	13
0	201
201	2
138	138
0	1
42	1
151	17
138	10
100	34
1	137
2	0
111	67
9	44
137	4
43	118
69	50
137	4
144	10
142	17
135	152
17	67
134	202
1	17
207	3
4	59
67	3
226	17
0	169
134	13
149	192
17	17
1	169
192	142
74	13
38	39
36	74
13	5
201	135
92	169
76	43
76	12
70	0
0	0
69	0
42	0
3	0
1	202
135	68
18	21
102	16
151	134
195	9
88	0
0	69
154	0
201	2
1	208
140	171
150	11
147	147
0	171
71	7
101	209
209	0
101	13
72	141
0	23
68	22
71	9
118	69
4	21
34	172
4	11
36	179
169	110
252	9
109	17
219	11
97	60
4	27
134	9
37	14
201	1
61	17
59	17
4	17
9	68
169	167
68	100
41	0
150	102
167	75
17	70
238	54
9	4
238	0
59	80
11	168
2	5
167	18
25	0
46	38
257	25
19	14
176	2
18	84
4	171
9	101
17	148
4	90
0	0
167	36
23	134
156	34
41	2
56	167
142	54
2	68
65	40
10	10
140	19
9	84
72	151
135	68
68	67
3	137
184	171
1	52
75	51
96	67
1	134
134	135
155	4
2	8
27	0
13	100
2	109
0	204
22	1
4	50
24	60
68	44
5	186
136	134
2	67
172	68
5	0
19	192
204	138
80	17
159	134
34	67
36	0
140	134
68	169
101	86
10	2
0	68
9	36
0	69
201	90
0	77
23	77
10	17
26	4
35	71
201	235
4	9
44	21
13	5
70	93
51	220
155	20
9	44
50	224
217	35
5	70
69	126
103	0
217	111
17	134
10	204
201	155
1	34
80	102
113	7
0	23
158	46
34	0
84	0
151	25
4	9
9	0
38	138
80	35
9	137
26	8
2	171
9	101
0	75
126	180
50	104
19	201
19	3
37	93
16	0
75	218
14	54
57	68
201	92
0	1
59	21
9	88
9	5
1	17
40	203
4	7
75	70
9	1
17	4
17	3
201	7
75	118
19	42
50	34
136	1
139	34
223	142
1	3
84	25
4	17
74	135
18	118
136	134
84	1
134	167
2	67
0	0
1	134
0	50
2	29
135	1
0	4
97	59
72	14
101	1
4	218
4	51
74	2
0	4
76	52
93	0
69	168
143	40
67	24
2	178
212	34
0	67
34	0
1	17
14	0
68	9
4	252
146	21
0	75
167	92
0	9
75	3
219	40
147	1
25	168
34	67
17	115
36	20
43	186
27	120
67	101
0	9
13	0
17	4
18	184
76	0
57	0
45	1
0	21
13	14
4	76
70	217
17	77
67	105
29	2
9	2
16	34
50	184
0	5
67	0
39	52
60	134
134	134
8	40
34	134
139	150
21	2
9	19
4	19
60	9
80	22
50	2
101	134
13	13
167	1
2	185
138	67
0	17
19	1
109	114
39	76
2	68
9	0
0	2
67	52
3	11
134	46
17	17
263	0
42	4
59	0
4	17
177	7
211	75
1	1
67	10
84	22
23	34
67	17
134	134
53	36
34	34
13	171
142	84
28	0
207	68
201	0
17	63
19	0
111	185
2	2
9	17
9	1
25	0
0	17
5	151
2	2
14	4
228	67
35	169
71	17
81	42
0	35
0	1
243	4
205	0
36	84
67	18
0	25
38	170
0	4
170	67
134	4
212	201
34	0
244	84
25	5
17	0
68	251
1	11
4	100
53	1
67	192
67	175
0	0
9	0
47	13
94	0
140	20
21	2
11	16
117	100
36	76
9	10
13	4
50	153
34	9
0	68
2	0
52	86
0	88
1	255
75	34
52	0
7	1
85	0
135	1
20	70
43	0
54	63
17	168
9	136
0	34
1	140
0	9
35	67
8	3
100	29
86	138
0	0
134	134
100	11
36	78
151	9
34	136
0	101
142	3
21	18
102	207
52	25
255	167
17	137
0	135
67	7
135	76
144	67
210	142
71	15
4	0
228	210
17	13
95	19
22	96
13	141
3	10
71	76
77	12
76	134
0	67
234	72
7	147
0	251
34	214
5	4
152	84
34	36
155	71
201	9
134	100
78	167
0	20
17	67
36	167
0	3
17	21
68	1
36	9
3	34
17	157
38	21
134	0
34	34
19	17
163	138
11	161
6	18
134	250
5	168
189	135
167	18
1	1
84	71
120	134
209	34
4	0
2	93
0	17
1	84
150	1
136	14
107	9
11	17
86	155
85	0
1	142
28	1
17	238
134	144
20	9
18	36
9	9
12	170
0	148
1	142
2	14
34	13
67	34
201	67
140	4
151	57
9	67
19	97
218	0
9	2
34	38
73	168
4	119
169	86
82	67
84	68
159	136
168	110
13	2
19	68
234	89
34	150
0	93
9	40
23	0
17	1
0	17
44	169
0	34
1	1
28	205
107	143
0	10
25	34
59	235
18	34
2	3
217	21
136	34
136	155
34	145
236	34
7	5
38	100
150	0
17	100
136	4
13	38
0	5
14	8
119	151
86	109
34	72
22	0
138	19
135	171
19	34
217	9
84	202
69	68
86	39
4	76
1	0
67	202
